,P,PP,PPP,PPR,PPS,PR,PRP,PRR,PS,PSP,PSS,R,RP,RPP,RPR,RR,RRP,RRR,RRS,RS,RSR,RSS,S,SS,SSSP,1,1,1,3.13E-23,1.87E-20,4.33E-33,1,1.98E-32,3.56E-24,0.004062074,7.36E-19,1.92E-34,1,0.003803611,6.62E-33,6.81E-27,4.19E-05,1.60E-37,6.19E-20,7.53E-13,9.11E-29,7.46E-21,7.42E-23,1.34E-11,2.07E-13PP,1,1,1,7.33E-13,2.35E-09,4.92E-16,1,6.80E-18,2.12E-10,1,1.74E-08,6.09E-16,1,1,5.60E-18,5.21E-13,1,1.17E-20,1.44E-08,0.00011031,8.07E-17,1.31E-09,4.57E-08,0.001152965,2.19E-06PPP,1,1,1,2.67E-13,8.30E-10,5.16E-16,1,5.23E-18,1.02E-10,1,5.61E-09,7.92E-16,1,1,4.62E-18,2.91E-13,1,1.56E-20,5.03E-09,2.92E-05,3.97E-17,4.74E-10,2.07E-08,0.00029961,5.81E-07PPR,3.13E-23,7.33E-13,2.67E-13,1,1,1,6.98E-13,1,1,6.74E-09,1,1,2.85E-15,8.32E-10,1,1,6.94E-08,1,1,0.119720423,1,1,0.049935934,0.009900101,1PPS,1.87E-20,2.35E-09,8.30E-10,1,1,1,2.18E-09,1,1,1.58E-05,1,1,8.63E-12,2.34E-06,1,1,0.00014962,0.55640715,1,1,0.569455789,1,1,1,1PR,4.33E-33,4.92E-16,5.16E-16,1,1,1,1.21E-15,1,1,1.62E-10,1,1,1.03E-17,5.17E-12,1,1,2.28E-09,1,1,0.325980376,1,1,0.079371744,0.016566849,1PRP,1,1,1,6.98E-13,2.18E-09,1.21E-15,1,1.27E-17,2.64E-10,1,1.47E-08,1.79E-15,1,1,1.11E-17,7.42E-13,1,3.48E-20,1.32E-08,7.26E-05,1.02E-16,1.24E-09,5.41E-08,0.000731243,1.41E-06PRR,1.98E-32,6.80E-18,5.23E-18,1,1,1,1.27E-17,1,0.380397073,1.06E-12,1,1,8.64E-20,4.37E-14,1,1,1.45E-11,1,0.291805957,0.004762066,1,1,0.000593512,0.00014711,1PS,3.56E-24,2.12E-10,1.02E-10,1,1,1,2.64E-10,0.380397073,1,5.36E-06,1,1,1.18E-12,5.11E-07,0.474505433,1,5.97E-05,0.087671427,1,1,0.129058116,1,1,1,1PSP,0.004062074,1,1,6.74E-09,1.58E-05,1.62E-10,1,1.06E-12,5.36E-06,1,6.93E-05,3.33E-10,0.368425877,1,1.06E-12,2.57E-08,1,8.04E-15,8.84E-05,0.058609658,2.96E-12,1.00E-05,0.000763291,0.381643527,0.001091634PSS,7.36E-19,1.74E-08,5.61E-09,1,1,1,1.47E-08,1,1,6.93E-05,1,1,5.77E-11,1.22E-05,1,1,0.000601206,0.320851712,1,1,0.346833341,1,1,1,1R,1.92E-34,6.09E-16,7.92E-16,1,1,1,1.79E-15,1,1,3.33E-10,1,1,1.81E-17,8.72E-12,1,1,4.80E-09,1,1,0.783095847,1,1,0.216815091,0.043890707,1RP,1,1,1,2.85E-15,8.63E-12,1.03E-17,1,8.64E-20,1.18E-12,0.368425877,5.77E-11,1.81E-17,1,0.44770684,8.01E-20,3.76E-15,0.038192701,3.95E-22,5.19E-11,3.43E-07,4.91E-19,4.95E-12,2.28E-10,3.72E-06,7.41E-09RPP,0.003803611,1,1,8.32E-10,2.34E-06,5.17E-12,1,4.37E-14,5.11E-07,1,1.22E-05,8.72E-12,0.44770684,1,4.05E-14,1.80E-09,1,1.72E-16,1.38E-05,0.01966449,2.14E-13,1.41E-06,9.21E-05,0.148603515,0.000348548RPR,6.62E-33,5.60E-18,4.62E-18,1,1,1,1.11E-17,1,0.474505433,1.06E-12,1,1,8.01E-20,4.05E-14,1,1,1.47E-11,1,0.363165914,0.005950701,1,1,0.000724747,0.000181233,1RR,6.81E-27,5.21E-13,2.91E-13,1,1,1,7.42E-13,1,1,2.57E-08,1,1,3.76E-15,1.80E-09,1,1,3.14E-07,1,1,1,1,1,0.73401466,0.139857319,1RRP,4.19E-05,1,1,6.94E-08,0.00014962,2.28E-09,1,1.45E-11,5.97E-05,1,0.000601206,4.80E-09,0.038192701,1,1.47E-11,3.14E-07,1,1.17E-13,0.000811625,0.329941943,3.61E-11,9.63E-05,0.007707699,1,0.006534444RRR,1.60E-37,1.17E-20,1.56E-20,1,0.55640715,1,3.48E-20,1,0.087671427,8.04E-15,0.320851712,1,3.95E-22,1.72E-16,1,1,1.17E-13,1,0.070734289,0.000697718,1,0.71350743,3.65E-05,1.23E-05,1RRS,6.19E-20,1.44E-08,5.03E-09,1,1,1,1.32E-08,0.291805957,1,8.84E-05,1,1,5.19E-11,1.38E-05,0.363165914,1,0.000811625,0.070734289,1,1,0.099311862,1,1,1,1RS,7.53E-13,0.00011031,2.92E-05,0.119720423,1,0.325980376,7.26E-05,0.004762066,1,0.058609658,1,0.783095847,3.43E-07,0.01966449,0.005950701,1,0.329941943,0.000697718,1,1,0.001814176,1,1,1,1RSR,9.11E-29,8.07E-17,3.97E-17,1,0.569455789,1,1.02E-16,1,0.129058116,2.96E-12,0.346833341,1,4.91E-19,2.14E-13,1,1,3.61E-11,1,0.099311862,0.001814176,1,0.709130906,0.000309485,7.00E-05,1RSS,7.46E-21,1.31E-09,4.74E-10,1,1,1,1.24E-09,1,1,1.00E-05,1,1,4.95E-12,1.41E-06,1,1,9.63E-05,0.71350743,1,1,0.709130906,1,1,1,1S,7.42E-23,4.57E-08,2.07E-08,0.049935934,1,0.079371744,5.41E-08,0.000593512,1,0.000763291,1,0.216815091,2.28E-10,9.21E-05,0.000724747,0.73401466,0.007707699,3.65E-05,1,1,0.000309485,1,1,1,1SS,1.34E-11,0.001152965,0.00029961,0.009900101,1,0.016566849,0.000731243,0.00014711,1,0.381643527,1,0.043890707,3.72E-06,0.148603515,0.000181233,0.139857319,1,1.23E-05,1,1,7.00E-05,1,1,1,1SSS,2.07E-13,2.19E-06,5.81E-07,1,1,1,1.41E-06,1,1,0.001091634,1,1,7.41E-09,0.000348548,1,1,0.006534444,1,1,1,1,1,1,1,1